1089.0 802.0
1934.0 1078.0
1229.0 1155.0
2117.0 1221.0
2096.0 1223.0
1364.0 1336.0
1710.0 1341.0
1350.0 1350.0
1851.0 1350.0
977.0 1371.0
2021.0 1395.0
1351.0 1418.0
1431.0 1426.0
1124.0 1535.0
1146.0 1544.0
1436.0 1567.0
1362.0 1574.0
1396.0 1576.0
1523.0 1637.0
2181.0 1654.0
1508.0 1660.0
2069.0 1660.0
1791.0 1666.0
2097.0 1669.0
1243.0 1699.0
1228.0 1706.0
1836.0 1849.0
1947.0 1854.0
1219.0 1870.0
1970.0 1873.0
1290.0 1905.0
1568.0 1929.0
1616.0 1982.0
1109.0 2029.0
1907.0 2033.0
1954.0 2056.0
1394.0 2127.0
