996.0 709.0
1829.0 983.0
1147.0 1061.0
1968.0 1120.0
1956.0 1123.0
1290.0 1239.0
1627.0 1240.0
1278.0 1246.0
1745.0 1237.0
844.0 1277.0
1896.0 1288.0
1274.0 1323.0
1359.0 1324.0
1025.0 1440.0
1050.0 1445.0
1351.0 1465.0
1284.0 1476.0
1317.0 1479.0
1442.0 1537.0
2005.0 1543.0
1430.0 1560.0
1930.0 1547.0
1699.0 1561.0
1947.0 1560.0
1149.0 1604.0
1143.0 1610.0
1734.0 1746.0
1823.0 1750.0
1130.0 1772.0
1847.0 1759.0
1206.0 1800.0
1486.0 1826.0
1536.0 1876.0
1019.0 1934.0
1801.0 1920.0
1859.0 1946.0
1311.0 2030.0
