[[736.02814 420.47986]]
[[986.27    425.45068]]
[[1238.9109   429.70218]]
[[1491.6866   433.97305]]
[[1747.4216  439.2499]]
[[2003.1648   444.43826]]
[[732.0808 672.281 ]]
[[981.91565 676.39874]]
[[1233.5183  681.0872]]
[[1487.0509   685.84094]]
[[1742.259   691.0744]]
[[1998.4355  696.453 ]]
[[728.5146 924.259 ]]
[[977.0369 928.4796]]
[[1228.9128  932.731 ]]
[[1482.2825  938.4206]]
[[1737.6091  943.9975]]
[[1993.2551  949.7762]]
[[ 722.62006 1174.1412 ]]
[[ 972.49347 1179.6891 ]]
[[1224.0907 1184.4425]]
[[1477.7496 1189.8444]]
[[1732.904  1195.9161]]
[[1988.6252 1202.3423]]
[[ 716.72705 1425.4388 ]]
[[ 966.8537 1430.7996]]
[[1218.5369 1436.131 ]]
[[1472.1077 1442.5164]]
[[1727.4796 1448.6345]]
[[1983.7052 1454.7843]]
[[ 711.46515 1675.9335 ]]
[[ 960.9661 1682.1628]]
[[1212.6218 1687.9817]]
[[1466.2463 1693.825 ]]
[[1721.9757 1701.1085]]
[[1977.8912 1708.126 ]]
