0.31417356436491195
[[3.59431146e+03 0.00000000e+00 8.35360566e+02]
 [0.00000000e+00 3.48267120e+03 9.39783916e+02]
 [0.00000000e+00 0.00000000e+00 1.00000000e+00]]
[[ 0.02555482 -0.72163988 -0.01784965  0.00260374  1.43879921]]
(array([[ 0.15414639],
       [-0.14725944],
       [-0.04708196]]), array([[ 0.15537627],
       [-0.14763612],
       [-0.04721092]]))
(array([[ -2.11546175],
       [-11.66310848],
       [113.62723647]]), array([[ -2.41877071],
       [-12.34659921],
       [115.60563584]]))
