0.31417356437039756
[[3.59431146e+03 0.00000000e+00 8.35360566e+02]
 [0.00000000e+00 3.48267120e+03 9.39783916e+02]
 [0.00000000e+00 0.00000000e+00 1.00000000e+00]]
[[ 0.02555482 -0.72163988 -0.01784965  0.00260374  1.43879921]]
(array([[ 0.15414639],
       [-0.14725944],
       [-0.04708196]]), array([[ 0.15537627],
       [-0.14763612],
       [-0.04721092]]))
(array([[ -38.0783116 ],
       [-209.93595267],
       [2045.29025664]]), array([[ -43.53787278],
       [-222.23878582],
       [2080.90144531]]))
