[[668.37976 362.8718 ]]
[[918.29    368.97614]]
[[1167.0862   373.68427]]
[[1415.162    379.20258]]
[[1665.643  385.22 ]]
[[1913.1707   390.78665]]
[[663.6661  612.08026]]
[[912.8089  616.18964]]
[[1161.4696  621.1117]]
[[1410.0322  625.9979]]
[[1659.5991  630.9569]]
[[1908.4048  636.4521]]
[[660.1048  860.86707]]
[[908.0809 864.8045]]
[[1156.9772   868.45685]]
[[1404.2916  873.4303]]
[[1655.2582   877.42413]]
[[1902.5575  882.7467]]
[[ 654.5611 1108.8461]]
[[ 904.1709 1112.4989]]
[[1151.9872 1115.5464]]
[[1400.0392 1119.8496]]
[[1649.9823 1123.8206]]
[[1897.5222 1129.1475]]
[[ 650.6515 1356.942 ]]
[[ 899.4795 1359.9408]]
[[1147.6149 1363.5449]]
[[1395.4945 1367.2885]]
[[1645.6516 1370.6199]]
[[1893.0968 1374.7372]]
[[ 645.4281 1604.5774]]
[[ 894.8904 1607.6523]]
[[1142.8519 1610.6152]]
[[1391.7501 1613.6562]]
[[1641.5 1617.5]]
[[1888.5 1621. ]]
